CB161
220022
NoiBai
17:20-29/09/2022
1
50
1
49
1
225810556
CB157
220022
NoiBai
17:20-29/09/2022
1
50
1
49
1
225810556
CB100
220022
NoiBai
17:20-29/09/2022
1
50
1
49
1
225810556
CB095
121202
NoiBai
17:20-29/09/2022
0
50
1
49
1
225810556
CB150
220022
NoiBai
17:20-29/09/2022
1
50
1
49
1
225810556
CB159
220022
NoiBai
17:20-29/09/2022
1
50
1
49
1
225810556
CB158
220022
NoiBai
17:20-29/09/2022
5
50
1
49
1
225810556
CB160
220022
NoiBai
17:20-29/09/2022
1
50
1
49
1
225810556
CB172
220022
NoiBai
17:20-29/09/2022
1
50
1
49
1
225810556
CB165
220022
NoiBai
17:20-29/09/2022
1
50
1
49
1
225810556
CB163
220022
NoiBai
17:20-29/09/2022
1
50
1
49
1
225810556
CB162
220022
NoiBai
17:20-29/09/2022
1
50
1
49
1
225810556
CB164
220022
NoiBai
17:20-29/09/2022
1
50
1
49
1
225810556
CB167
220022
NoiBai
17:20-29/09/2022
1
50
1
49
1
225810556
CB166
220022
NoiBai
17:20-29/09/2022
1
50
1
49
1
225810556
CB171
220022
NoiBai
17:20-29/09/2022
1
50
1
49
1
225810556
CB179
121202
NoiBai
17:20-29/09/2022
1
50
1
49
1
225810556
CB174
220022
NoiBai
17:20-29/09/2022
1
50
1
49
1
225810556
CB189
121202
NoiBai
17:20-29/09/2022
1
50
1
49
1
225810556
CB186
121202
NoiBai
17:20-29/09/2022
1
50
1
49
1
225810556